0100 0001
0100 1111	
0101 0011

//

.- --- ...

0010 1110 - 2+4+8+32=48 -> 48
0010 1101 - 1+4+8+32=45 -> 45
0010 0000 -> 32
0010 1101 -> 45
0010 1101 -> 45
0010 1101 -> 45
0010 0000 -> 32
0010 1110 -> 0
0010 1110 -> 0
0010 1110 -> 0

1
2
4
8
16
32
64
128

0100 1000 
0101 0100 
0101 0100
0101 0000
0011 1010
0010 1111
0010 1111
0101 0100
0100 1001
0100 1110
0101 1001
0101 0101
0101 0010
0100 1100
0101110
0100 0011
0100 1111
0100 1101
0101111
0100 1100
0011 0101
0100 0010
0101 0101 
0110100
0100 1000
0101 0101

TIC TAC TOE

